2007  5 18 17  2 16.47   36.424  140.686    52.1   3.9
2007  6  3  6 48 16.69   36.425  140.686    50.9   2.9
2007 11 30 18 36 58.08   36.427  140.696    52.9   4.7
2010  4 29  7 21 48.95   36.428  140.694    52.3   4.2
2011  7 10 18 54 50.71   36.426  140.697    51.6   3.2
2011  8 29 12 45 35.54   36.423  140.690    52.0   2.9
2011  9 10 15  0 31.59   36.429  140.694    52.8   4.8
2012 12 15 10 42 53.07   36.423  140.692    50.8   2.1
2013 10 12  2 43 12.13   36.432  140.698    51.8   4.8
2015 11 22  8 20 26.96   36.429  140.688    52.1   4.8
2017 11 14 13  4 36.74   36.426  140.683    50.2   2.0
2017 11 17  3 47 25.28   36.429  140.691    51.2   2.8
2017 12 18 14  9 22.92   36.423  140.695    51.8   3.4
2018  2 17  2 17 37.06   36.431  140.686    51.5   2.8
2018  5 15  3 19 40.53   36.428  140.688    51.0   2.3
2018  7 17  4 34 12.16   36.431  140.692    52.3   4.8
2020  4  9  2 30  1.11   36.422  140.687    50.5   2.0
2020  6  4  5 31 18.96   36.428  140.692    52.4   4.8
